40
150
387
838
1618
2870
4768
7513
11336
16496
23280
32006
43019
56694
73434
93670
117864
146505
180112
219232
264440
316342
375571
442790
518690
603990
699440
805817
923928
1054608
1198720
1357158
1530843
1720726
1927786
2153030
2397496
2662249
2948384
3257024
3589320
3946454
4329635
4740102
5179122
5647990
6148032
6680601
7247080
7848880
8487440
9164230
9880747
10638518
11439098
12284070
13175048
14113673
15101616
16140576
17232280
18378486
19580979
20841574
22162114
23544470
24990544
26502265
28081592
29730512
31451040
33245222
35115131
37062870
39090570
41200390
43394520
45675177
48044608
50505088
53058920
55708438
58456003
61304006
64254866
67311030
70474976
73749209
77136264
80638703
84259119
88000133
91864394
95854581
99973401
104223589
108607911
113129160
117790159
122593759
127592331
132791751
138198013
143817228
149655627
155719562
162015505
168550052
175329921
182361958
189653132
197210541
205041412
213153100
221553091
230249005
239248592
248559738
258190465
268148929
278443427
289082392
300074398
311428160
323152535
335256525
347749275
360640076
373938366
387653730
401795905
416374775
431400378
446882904
462832695
479260251
496176226
513591431
531516837
549963573
568942930
588466361
608545480
629192067
650418066
694053112
738895764
784970916
832303804
880920004
955808156
1032699562
1111634149
1192652369
1275795206
1361104178
1448621340
1538389288
1630451162
1724850650
1853892439
1986169758
2121743076
2260673611
2403023335
2621770800
2845836381
3075316468
3310308608
3550911513
4084590875
4903997975
6022167922
7452474586
9208635811
